3.019999999999999907e-01
2.190000000000000002e-01
2.129999999999999949e-01
1.130000000000000032e-01
4.060000000000000275e-01
4.209999999999999853e-01
5.360000000000000320e-01
9.800000000000000377e-02
1.330000000000000071e-01
1.729999999999999871e-01
4.010000000000000231e-01
3.039999999999999925e-01
2.250000000000000056e-01
5.869999999999999662e-01
1.140000000000000041e-01
5.620000000000000551e-01
3.920000000000000151e-01
1.779999999999999916e-01
3.900000000000000133e-01
4.829999999999999849e-01
1.189999999999999947e-01
1.330000000000000071e-01
4.680000000000000271e-01
5.639999999999999458e-01
4.450000000000000067e-01
3.049999999999999933e-01
2.979999999999999871e-01
2.250000000000000056e-01
1.839999999999999969e-01
4.580000000000000182e-01
1.559999999999999998e-01
5.200000000000000178e-01
3.559999999999999831e-01
5.520000000000000462e-01
5.909999999999999698e-01
5.070000000000000062e-01
3.689999999999999947e-01
1.429999999999999882e-01
2.079999999999999905e-01
9.400000000000000022e-02
3.200000000000000067e-01
3.039999999999999925e-01
3.739999999999999991e-01
5.290000000000000258e-01
5.390000000000000346e-01
1.549999999999999989e-01
1.910000000000000031e-01
1.690000000000000113e-01
1.600000000000000033e-01
1.069999999999999979e-01
5.100000000000000089e-01
3.910000000000000142e-01
3.479999999999999760e-01
4.420000000000000040e-01
3.930000000000000160e-01
5.300000000000000266e-01
5.150000000000000133e-01
1.570000000000000007e-01
1.789999999999999925e-01
3.330000000000000182e-01
4.380000000000000004e-01
2.859999999999999765e-01
4.739999999999999769e-01
5.290000000000000258e-01
1.849999999999999978e-01
4.460000000000000075e-01
6.139999999999999902e-01
5.919999999999999707e-01
7.599999999999999811e-02
1.320000000000000062e-01
3.119999999999999996e-01
3.330000000000000182e-01
5.639999999999999458e-01
5.759999999999999565e-01
1.419999999999999873e-01
5.709999999999999520e-01
5.919999999999999707e-01
2.630000000000000115e-01
4.219999999999999862e-01
1.980000000000000093e-01
1.920000000000000040e-01
4.269999999999999907e-01
3.780000000000000027e-01
5.540000000000000480e-01
5.709999999999999520e-01
4.590000000000000191e-01
1.940000000000000058e-01
4.560000000000000164e-01
1.930000000000000049e-01
1.270000000000000018e-01
1.499999999999999944e-01
3.130000000000000004e-01
1.380000000000000115e-01
3.260000000000000120e-01
1.990000000000000102e-01
4.010000000000000231e-01
4.440000000000000058e-01
5.530000000000000471e-01
2.139999999999999958e-01
5.460000000000000409e-01
