3.770000000000000018e-01
3.830000000000000071e-01
1.029999999999999943e-01
1.620000000000000051e-01
3.810000000000000053e-01
3.860000000000000098e-01
3.539999999999999813e-01
1.620000000000000051e-01
3.870000000000000107e-01
3.790000000000000036e-01
2.680000000000000160e-01
3.649999999999999911e-01
3.850000000000000089e-01
1.880000000000000004e-01
2.330000000000000127e-01
3.519999999999999796e-01
3.719999999999999973e-01
3.589999999999999858e-01
2.660000000000000142e-01
3.669999999999999929e-01
3.180000000000000049e-01
3.410000000000000253e-01
2.230000000000000038e-01
3.579999999999999849e-01
3.830000000000000071e-01
2.690000000000000169e-01
3.390000000000000235e-01
1.680000000000000104e-01
3.639999999999999902e-01
2.409999999999999920e-01
3.649999999999999911e-01
2.680000000000000160e-01
2.479999999999999982e-01
3.449999999999999734e-01
2.550000000000000044e-01
4.000000000000000222e-01
3.559999999999999831e-01
2.459999999999999964e-01
3.649999999999999911e-01
2.069999999999999896e-01
2.429999999999999938e-01
3.669999999999999929e-01
2.510000000000000009e-01
2.260000000000000064e-01
3.099999999999999978e-01
3.290000000000000147e-01
3.509999999999999787e-01
3.410000000000000253e-01
3.750000000000000000e-01
2.560000000000000053e-01
3.729999999999999982e-01
1.620000000000000051e-01
3.830000000000000071e-01
3.689999999999999947e-01
3.029999999999999916e-01
3.900000000000000133e-01
2.129999999999999949e-01
3.589999999999999858e-01
3.579999999999999849e-01
2.320000000000000118e-01
4.109999999999999765e-01
2.049999999999999878e-01
2.640000000000000124e-01
2.560000000000000053e-01
3.430000000000000271e-01
3.519999999999999796e-01
2.610000000000000098e-01
2.560000000000000053e-01
2.369999999999999885e-01
3.240000000000000102e-01
3.380000000000000226e-01
3.840000000000000080e-01
2.429999999999999938e-01
2.690000000000000169e-01
2.000000000000000111e-01
2.710000000000000187e-01
2.280000000000000082e-01
2.790000000000000258e-01
2.550000000000000044e-01
2.270000000000000073e-01
3.529999999999999805e-01
2.700000000000000178e-01
2.670000000000000151e-01
2.520000000000000018e-01
1.600000000000000033e-01
1.620000000000000051e-01
2.399999999999999911e-01
2.409999999999999920e-01
2.600000000000000089e-01
3.709999999999999964e-01
2.620000000000000107e-01
3.609999999999999876e-01
2.340000000000000135e-01
